0 
0 
0 
0 
0 
0 
0 
0 
0 
0 
0 
0 
0 
0 
0 
0 
0 
0 
0 
0 
0 
0 
0 
0 
0 
0 
0 
0 
0 
0 
0 
0 
0 
0 
0 
0 
0 
0 
2 
3 
0 
0 
0 
0 
0 
0 
0 
0 
0 
0 
0 
0 
0 
0 
0 
0 
0 
0 
0 
0 
0 
0 
0 
0 
0 
0 
0 
0 
0 
0 
0 
0 
0 
0 
0 
0 
0 
22153 
-953641 
673152 
-456822 
-149469 
249161 
-358469 
320010 
-775720 
460281 
-447190 
260447 
578813 
-576744 
-300582 
149375 
261009 
-456768 
773438 
1024745 
-1014318 
103832 
276545 
617666 
221318 
-655946 
236767 
-1034890 
374317 
-306542 
641457 
-478211 
-1013883 
-984596 
516323 
-170872 
-851633 
-349087 
0 
0 
0 
0 
0 
0 
0 
0 
0 
0 
0 
0 
0 
0 
0 
0 
0 
0 
0 
0 
0 
0 
0 
0 
0 
0 
0 
0 
0 
0 
0 
0 
0 
0 
0 
0 
0 
0 
