0 
0 
0 
0 
0 
0 
0 
0 
0 
0 
0 
0 
0 
0 
0 
0 
0 
0 
0 
0 
0 
0 
0 
0 
0 
0 
0 
0 
0 
0 
0 
0 
0 
0 
0 
0 
0 
0 
0 
0 
0 
0 
0 
0 
0 
0 
0 
0 
0 
0 
0 
0 
2 
3 
0 
0 
0 
0 
0 
0 
0 
0 
0 
0 
0 
0 
0 
0 
0 
0 
0 
0 
0 
0 
0 
0 
0 
0 
0 
0 
0 
0 
0 
0 
0 
0 
0 
0 
0 
0 
0 
0 
0 
0 
0 
0 
0 
0 
0 
0 
0 
0 
0 
0 
0 
-534605960 
-50803277 
-225931058 
-472208111 
-375916693 
-134982382 
167574579 
1158817 
148897101 
-378609869 
-302034827 
351999917 
-254838264 
89426691 
-244144657 
501986612 
499493249 
469472425 
-505609724 
-189852694 
306467182 
54404746 
-447463398 
-29602593 
-388328875 
-440611497 
239922398 
475208548 
338395648 
-194778941 
189145859 
-375082968 
-81210012 
-170826620 
102621093 
323354115 
405246273 
229728052 
-136223140 
-284750479 
-134005818 
474549971 
7110244 
316532701 
-425625533 
-220317579 
457994796 
-136583694 
97869383 
-81749319 
428725445 
-292819191 
0 
0 
0 
0 
0 
0 
0 
0 
0 
0 
0 
0 
0 
0 
0 
0 
0 
0 
0 
0 
0 
0 
0 
0 
0 
0 
0 
0 
0 
0 
0 
0 
0 
0 
0 
0 
0 
0 
0 
0 
0 
0 
0 
0 
0 
0 
0 
0 
0 
0 
0 
0 
