19
21
22
23
25
26
28
29
31
32
34
36
37
39
41
42
44
46
47
49
51
53
55
56
58
60
62
64
66
67
69
71
73
75
77
78
80
82
84
85
87
89
91
92
94
96
97
99
100
102
103
105
106
107
109
110
111
113
114
115
116
117
118
119
120
121
121
122
123
123
124
124
125
125
126
126
126
126
126
127
127
126
126
126
126
126
125
125
124
124
123
123
122
121
121
120
119
118
117
116
115
114
113
111
110
109
107
106
105
103
102
100
99
97
96
94
92
91
89
87
85
84
82
80
78
77
75
73
71
69
67
66
64
62
60
58
56
55
53
51
49
47
46
44
42
41
39
37
36
34
32
31
29
28
26
25
23
22
21
19
